Model  J300 15 RR
Point_Num   21
    NAME        주파수1        주파수2        주파수3        주파수4        주파수5        주파수6        주파수7 제동면 R/OUT(O 제동면 R/OUT(O 제동면 R/OUT(I 제동면 R/OUT(I         윤곽도    모자부 외경    모자부 내경         P/Hole   제동면두께 O      원주DTV O        반경DTV           깊이        ORDER_L     ORDER_L_NO     Time           Operator    
    UNIT              2              2              2              2              2              2              2              3              3              3              3              3              3              3              3              3              4              4              3              3              0
   K.TOL              0              0              0              0              0              0              0              0              0              0              0              0              0              0              0              0              0              0              0              0              0
     USL           0.00           0.00           0.00           0.00           0.00           0.00           0.00          0.020          0.020          0.020          0.020          0.030        159.450        147.450         60.090         12.150         0.0060         0.0060         37.150        100.000             10
     LSL           0.00           0.00           0.00           0.00           0.00           0.00           0.00          0.001          0.001          0.001          0.001          0.000        158.950        146.950         60.040         11.850         0.0000         0.0000         36.850          0.000              2
       1           0.00           0.00           0.00           0.00           0.00           0.00           0.00          0.014          0.014          0.007          0.006          0.026        159.222        147.052         60.083         12.006         0.0053         0.0049         36.940          0.543              2    18:02:22             HANYANG
       1           0.00           0.00           0.00           0.00           0.00           0.00           0.00          0.020          0.019          0.010          0.009          0.020        159.248        147.089         60.097         12.022         0.0037         0.0031         36.901          0.463              4    18:02:53             HANYANG
       2           0.00           0.00           0.00           0.00           0.00           0.00           0.00          0.022          0.021          0.010          0.009          0.022        159.249        147.075         60.096         12.018         0.0050         0.0040         36.897          1.005              2    18:03:42             HANYANG
       3           0.00           0.00           0.00           0.00           0.00           0.00           0.00          0.022          0.022          0.012          0.011          0.022        159.250        147.104         60.093         12.017         0.0049         0.0038         36.899          0.852              3    18:04:14             HANYANG
       2           0.00           0.00           0.00           0.00           0.00           0.00           0.00          0.011          0.012          0.007          0.007          0.024        159.229        147.119         60.080         12.017         0.0029         0.0038         36.935          0.459              3    18:04:48             HANYANG
       4           0.00           0.00           0.00           0.00           0.00           0.00           0.00          0.018          0.017          0.011          0.011          0.023        159.246        147.085         60.092         12.024         0.0063         0.0037         36.901          1.250              3    18:05:20             HANYANG
       5           0.00           0.00           0.00           0.00           0.00           0.00           0.00          0.018          0.018          0.010          0.010          0.022        159.249        147.019         60.094         12.016         0.0034         0.0033         36.875          0.941              3    18:05:53             HANYANG
       6           0.00           0.00           0.00           0.00           0.00           0.00           0.00          0.016          0.015          0.007          0.009          0.019        159.252        147.040         60.093         12.005         0.0043         0.0033         36.875          0.691              3    18:06:25             HANYANG
       7           0.00           0.00           0.00           0.00           0.00           0.00           0.00          0.016          0.014          0.009          0.009          0.022        159.247        147.086         60.092         12.020         0.0050         0.0041         36.896          1.291              3    18:06:56             HANYANG
       8           0.00           0.00           0.00           0.00           0.00           0.00           0.00          0.015          0.015          0.007          0.009          0.021        159.251        147.031         60.091         12.018         0.0037         0.0043         36.880          0.715              2    18:07:28             HANYANG
       3           0.00           0.00           0.00           0.00           0.00           0.00           0.00          0.013          0.014          0.007          0.006          0.026        159.219        147.049         60.082         12.005         0.0046         0.0041         36.938          0.502              2    18:11:54             HANYANG
       9           0.00           0.00           0.00           0.00           0.00           0.00           0.00          0.020          0.018          0.010          0.009          0.021        159.245        147.086         60.097         12.022         0.0038         0.0028         36.900          0.447              4    18:12:45             HANYANG
      10           0.00           0.00           0.00           0.00           0.00           0.00           0.00          0.021          0.021          0.009          0.008          0.023        159.247        147.073         60.095         12.018         0.0052         0.0043         36.895          0.966              2    18:13:16             HANYANG
      11           0.00           0.00           0.00           0.00           0.00           0.00           0.00          0.022          0.021          0.012          0.011          0.022        159.247        147.102         60.094         12.017         0.0043         0.0035         36.896          0.729              3    18:14:18             HANYANG
       4           0.00           0.00           0.00           0.00           0.00           0.00           0.00          0.011          0.012          0.006          0.006          0.025        159.226        147.117         60.079         12.017         0.0031         0.0037         36.933          0.450              3    18:14:49             HANYANG
      12           0.00           0.00           0.00           0.00           0.00           0.00           0.00          0.018          0.016          0.011          0.011          0.023        159.244        147.082         60.090         12.024         0.0064         0.0034         36.899          1.168              3    18:15:21             HANYANG
      13           0.00           0.00           0.00           0.00           0.00           0.00           0.00          0.018          0.018          0.010          0.010          0.022        159.247        147.017         60.093         12.016         0.0027         0.0037         36.874          0.873              3    18:15:53             HANYANG
      14           0.00           0.00           0.00           0.00           0.00           0.00           0.00          0.016          0.015          0.007          0.009          0.019        159.250        147.038         60.092         12.004         0.0043         0.0032         36.873          0.745              3    18:16:25             HANYANG
      15           0.00           0.00           0.00           0.00           0.00           0.00           0.00          0.017          0.014          0.009          0.009          0.022        159.244        147.084         60.092         12.020         0.0047         0.0037         36.894          1.266              3    18:16:56             HANYANG
      16           0.00           0.00           0.00           0.00           0.00           0.00           0.00          0.015          0.016          0.008          0.009          0.021        159.250        147.031         60.092         12.018         0.0032         0.0042         36.880          0.733              3    18:17:26             HANYANG
       5           0.00           0.00           0.00           0.00           0.00           0.00           0.00          0.013          0.013          0.006          0.008          0.026        159.217        147.047         60.080         12.005         0.0050         0.0056         36.937          0.479              2    18:20:35             HANYANG
      17           0.00           0.00           0.00           0.00           0.00           0.00           0.00          0.020          0.019          0.010          0.009          0.021        159.243        147.083         60.096         12.022         0.0038         0.0034         36.898          0.518              4    18:21:24             HANYANG
      18           0.00           0.00           0.00           0.00           0.00           0.00           0.00          0.021          0.021          0.010          0.009          0.023        159.245        147.071         60.095         12.018         0.0049         0.0041         36.894          0.970              2    18:21:55             HANYANG
      19           0.00           0.00           0.00           0.00           0.00           0.00           0.00          0.022          0.021          0.012          0.011          0.022        159.245        147.100         60.092         12.017         0.0043         0.0035         36.895          0.843              3    18:22:58             HANYANG
       6           0.00           0.00           0.00           0.00           0.00           0.00           0.00          0.011          0.012          0.006          0.007          0.025        159.225        147.115         60.079         12.017         0.0031         0.0041         36.932          0.460              3    18:23:29             HANYANG
      20           0.00           0.00           0.00           0.00           0.00           0.00           0.00          0.017          0.016          0.011          0.011          0.023        159.242        147.081         60.091         12.024         0.0061         0.0034         36.898          1.153              3    18:24:01             HANYANG
      21           0.00           0.00           0.00           0.00           0.00           0.00           0.00          0.018          0.018          0.010          0.011          0.023        159.245        147.015         60.093         12.016         0.0035         0.0039         36.872          0.897              3    18:24:32             HANYANG
      22           0.00           0.00           0.00           0.00           0.00           0.00           0.00          0.016          0.015          0.007          0.009          0.019        159.248        147.037         60.093         12.004         0.0043         0.0032         36.871          0.649              3    18:25:35             HANYANG
      23           0.00           0.00           0.00           0.00           0.00           0.00           0.00          0.017          0.015          0.009          0.009          0.023        159.242        147.081         60.092         12.020         0.0047         0.0041         36.892          1.324              3    18:26:06             HANYANG
      24           0.00           0.00           0.00           0.00           0.00           0.00           0.00          0.014          0.015          0.007          0.009          0.021        159.247        147.028         60.091         12.018         0.0037         0.0040         36.878          0.734              2    18:26:37             HANYANG
