Model  J300 15 RR
Point_Num   21
    NAME        주파수1        주파수2        주파수3        주파수4        주파수5        주파수6        주파수7 제동면 R/OUT(O 제동면 R/OUT(O 제동면 R/OUT(I 제동면 R/OUT(I         윤곽도    모자부 외경    모자부 내경         P/Hole   제동면두께 O      원주DTV O        반경DTV           깊이        ORDER_L     ORDER_L_NO     Time           Operator    
    UNIT              2              2              2              2              2              2              2              3              3              3              3              3              3              3              3              3              4              4              3              3              0
   K.TOL              0              0              0              0              0              0              0              0              0              0              0              0              0              0              0              0              0              0              0              0              0
     USL           0.00           0.00           0.00           0.00           0.00           0.00           0.00          0.020          0.020          0.020          0.020          0.030        159.450        147.450         60.090         12.150         0.0060         0.0060         37.150        100.000             10
     LSL           0.00           0.00           0.00           0.00           0.00           0.00           0.00          0.001          0.001          0.001          0.001          0.000        158.950        146.950         60.040         11.850         0.0000         0.0000         36.850          0.000              2
       1           0.00           0.00           0.00           0.00           0.00           0.00           0.00          0.013          0.014          0.008          0.006          0.026        159.216        147.047         60.081         12.005         0.0053         0.0047         36.937          0.508              2    19:04:04             HANYANG
       1           0.00           0.00           0.00           0.00           0.00           0.00           0.00          0.020          0.019          0.011          0.009          0.021        159.242        147.083         60.096         12.022         0.0038         0.0035         36.899          0.507              4    19:04:35             HANYANG
       2           0.00           0.00           0.00           0.00           0.00           0.00           0.00          0.021          0.020          0.009          0.008          0.023        159.243        147.070         60.095         12.018         0.0052         0.0041         36.894          0.963              2    19:05:27             HANYANG
       3           0.00           0.00           0.00           0.00           0.00           0.00           0.00          0.021          0.021          0.011          0.011          0.022        159.245        147.099         60.093         12.017         0.0046         0.0040         36.896          0.837              3    19:06:00             HANYANG
       2           0.00           0.00           0.00           0.00           0.00           0.00           0.00          0.011          0.012          0.006          0.006          0.025        159.218        147.112         60.078         12.016         0.0032         0.0035         36.929          0.484              4    19:08:57             HANYANG
       4           0.00           0.00           0.00           0.00           0.00           0.00           0.00          0.017          0.017          0.011          0.011          0.023        159.240        147.079         60.091         12.023         0.0063         0.0031         36.898          1.173              3    19:09:29             HANYANG
       5           0.00           0.00           0.00           0.00           0.00           0.00           0.00          0.018          0.018          0.010          0.011          0.022        159.242        147.013         60.093         12.015         0.0034         0.0036         36.872          0.943              3    19:10:30             HANYANG
       6           0.00           0.00           0.00           0.00           0.00           0.00           0.00          0.016          0.015          0.007          0.009          0.020        159.245        147.034         60.093         12.004         0.0040         0.0033         36.871          0.655              3    19:11:02             HANYANG
       7           0.00           0.00           0.00           0.00           0.00           0.00           0.00          0.017          0.014          0.009          0.008          0.023        159.239        147.079         60.091         12.019         0.0047         0.0041         36.892          1.271              3    19:11:33             HANYANG
       3           0.00           0.00           0.00           0.00           0.00           0.00           0.00          0.015          0.015          0.007          0.008          0.021        159.243        147.024         60.090         12.017         0.0034         0.0040         36.877          0.655              2    19:12:05             HANYANG
       4           0.00           0.00           0.00           0.00           0.00           0.00           0.00          0.013          0.013          0.007          0.006          0.027        159.215        147.045         60.081         12.005         0.0050         0.0043         36.937          0.556              2    19:13:21             HANYANG
       8           0.00           0.00           0.00           0.00           0.00           0.00           0.00          0.019          0.019          0.010          0.009          0.021        159.240        147.081         60.097         12.021         0.0038         0.0031         36.897          0.441              4    19:15:00             HANYANG
       9           0.00           0.00           0.00           0.00           0.00           0.00           0.00          0.021          0.020          0.010          0.008          0.023        159.242        147.068         60.095         12.018         0.0052         0.0044         36.893          0.942              2    19:15:31             HANYANG
      10           0.00           0.00           0.00           0.00           0.00           0.00           0.00          0.022          0.022          0.012          0.011          0.022        159.243        147.098         60.093         12.016         0.0044         0.0034         36.895          0.870              3    19:16:33             HANYANG
       5           0.00           0.00           0.00           0.00           0.00           0.00           0.00          0.011          0.012          0.006          0.007          0.025        159.221        147.113         60.078         12.016         0.0031         0.0037         36.931          0.477              3    19:17:22             HANYANG
      11           0.00           0.00           0.00           0.00           0.00           0.00           0.00          0.018          0.017          0.011          0.011          0.024        159.239        147.079         60.092         12.023         0.0064         0.0040         36.897          1.198              3    19:18:01             HANYANG
      12           0.00           0.00           0.00           0.00           0.00           0.00           0.00          0.018          0.018          0.010          0.010          0.022        159.242        147.014         60.094         12.015         0.0034         0.0034         36.871          0.974              3    19:19:03             HANYANG
      13           0.00           0.00           0.00           0.00           0.00           0.00           0.00          0.016          0.015          0.007          0.009          0.019        159.245        147.035         60.093         12.003         0.0040         0.0031         36.870          0.679              3    19:20:13             HANYANG
      14           0.00           0.00           0.00           0.00           0.00           0.00           0.00          0.017          0.015          0.009          0.008          0.022        159.239        147.079         60.093         12.019         0.0053         0.0043         36.891          1.294              3    19:20:57             HANYANG
      15           0.00           0.00           0.00           0.00           0.00           0.00           0.00          0.015          0.014          0.007          0.008          0.021        159.244        147.026         60.091         12.017         0.0034         0.0043         36.876          0.702              3    19:22:10             HANYANG
       6           0.00           0.00           0.00           0.00           0.00           0.00           0.00          0.013          0.013          0.007          0.006          0.026        159.213        147.044         60.080         12.005         0.0050         0.0047         36.936          0.453              2    19:22:41             HANYANG
      16           0.00           0.00           0.00           0.00           0.00           0.00           0.00          0.019          0.018          0.010          0.009          0.021        159.238        147.079         60.096         12.021         0.0037         0.0029         36.896          0.525              4    19:23:43             HANYANG
      17           0.00           0.00           0.00           0.00           0.00           0.00           0.00          0.021          0.020          0.009          0.008          0.023        159.240        147.066         60.094         12.017         0.0050         0.0040         36.892          0.920              2    19:24:15             HANYANG
      18           0.00           0.00           0.00           0.00           0.00           0.00           0.00          0.022          0.022          0.011          0.011          0.022        159.241        147.096         60.092         12.016         0.0050         0.0038         36.894          0.850              3    19:24:47             HANYANG
       7           0.00           0.00           0.00           0.00           0.00           0.00           0.00          0.011          0.012          0.006          0.007          0.025        159.220        147.111         60.078         12.016         0.0034         0.0041         36.930          0.512              3    19:25:49             HANYANG
      19           0.00           0.00           0.00           0.00           0.00           0.00           0.00          0.017          0.016          0.011          0.010          0.023        159.237        147.078         60.091         12.023         0.0064         0.0035         36.896          1.140              3    19:27:04             HANYANG
      20           0.00           0.00           0.00           0.00           0.00           0.00           0.00          0.018          0.018          0.010          0.010          0.022        159.241        147.013         60.093         12.015         0.0032         0.0031         36.871          0.958              3    19:27:48             HANYANG
      21           0.00           0.00           0.00           0.00           0.00           0.00           0.00          0.016          0.015          0.007          0.009          0.019        159.244        147.034         60.093         12.003         0.0040         0.0033         36.870          0.654              3    19:29:01             HANYANG
      22           0.00           0.00           0.00           0.00           0.00           0.00           0.00          0.017          0.015          0.008          0.008          0.022        159.238        147.078         60.092         12.019         0.0055         0.0043         36.891          1.084              3    19:29:32             HANYANG
      23           0.00           0.00           0.00           0.00           0.00           0.00           0.00          0.015          0.015          0.007          0.008          0.021        159.242        147.025         60.090         12.017         0.0035         0.0042         36.876          0.732              3    19:30:35             HANYANG
       8           0.00           0.00           0.00           0.00           0.00           0.00           0.00          0.013          0.013          0.007          0.006          0.026        159.212        147.042         60.079         12.005         0.0050         0.0043         36.935          0.550              2    19:31:06             HANYANG
      24           0.00           0.00           0.00           0.00           0.00           0.00           0.00          0.019          0.018          0.010          0.009          0.021        159.237        147.078         60.096         12.021         0.0038         0.0031         36.896          0.555              4    19:32:25             HANYANG
      25           0.00           0.00           0.00           0.00           0.00           0.00           0.00          0.021          0.020          0.009          0.008          0.023        159.239        147.065         60.094         12.017         0.0049         0.0040         36.892          0.996              2    19:32:56             HANYANG
      26           0.00           0.00           0.00           0.00           0.00           0.00           0.00          0.021          0.021          0.012          0.011          0.022        159.240        147.095         60.093         12.016         0.0047         0.0038         36.893          0.770              3    19:34:21             HANYANG
       9           0.00           0.00           0.00           0.00           0.00           0.00           0.00          0.011          0.012          0.007          0.007          0.025        159.218        147.110         60.078         12.016         0.0029         0.0040         36.929          0.476              3    19:35:55             HANYANG
      27           0.00           0.00           0.00           0.00           0.00           0.00           0.00          0.017          0.017          0.011          0.011          0.023        159.235        147.076         60.090         12.023         0.0063         0.0035         36.896          1.156              3    19:37:01             HANYANG
      28           0.00           0.00           0.00           0.00           0.00           0.00           0.00          0.018          0.017          0.010          0.010          0.022        159.239        147.011         60.092         12.015         0.0034         0.0039         36.870          0.920              3    19:37:32             HANYANG
      29           0.00           0.00           0.00           0.00           0.00           0.00           0.00          0.016          0.015          0.007          0.009          0.019        159.242        147.032         60.092         12.003         0.0041         0.0033         36.869          0.587              3    19:38:04             HANYANG
      30           0.00           0.00           0.00           0.00           0.00           0.00           0.00          0.016          0.015          0.009          0.007          0.022        159.236        147.077         60.091         12.019         0.0050         0.0038         36.891          1.287              3    19:38:35             HANYANG
      31           0.00           0.00           0.00           0.00           0.00           0.00           0.00          0.015          0.015          0.007          0.008          0.021        159.241        147.024         60.091         12.017         0.0034         0.0040         36.876          0.715              3    19:40:10             HANYANG
      10           0.00           0.00           0.00           0.00           0.00           0.00           0.00          0.012          0.013          0.007          0.006          0.026        159.211        147.041         60.079         12.005         0.0049         0.0043         36.935          0.512              2    19:40:41             HANYANG
      32           0.00           0.00           0.00           0.00           0.00           0.00           0.00          0.019          0.018          0.010          0.009          0.021        159.236        147.078         60.096         12.021         0.0040         0.0032         36.895          0.529              4    19:42:21             HANYANG
      33           0.00           0.00           0.00           0.00           0.00           0.00           0.00          0.021          0.021          0.009          0.008          0.023        159.238        147.065         60.094         12.017         0.0053         0.0043         36.891          0.950              2    19:42:53             HANYANG
      34           0.00           0.00           0.00           0.00           0.00           0.00           0.00          0.022          0.022          0.011          0.010          0.022        159.239        147.094         60.093         12.016         0.0047         0.0038         36.893          0.776              3    19:44:10             HANYANG
      11           0.00           0.00           0.00           0.00           0.00           0.00           0.00          0.011          0.012          0.006          0.007          0.025        159.218        147.109         60.077         12.016         0.0032         0.0040         36.930          0.498              3    19:44:49             HANYANG
      35           0.00           0.00           0.00           0.00           0.00           0.00           0.00          0.018          0.017          0.011          0.011          0.023        159.235        147.076         60.090         12.023         0.0066         0.0035         36.896          1.203              3    19:45:50             HANYANG
      36           0.00           0.00           0.00           0.00           0.00           0.00           0.00          0.018          0.018          0.010          0.010          0.022        159.239        147.011         60.093         12.015         0.0032         0.0037         36.870          0.916              3    19:46:21             HANYANG
      37           0.00           0.00           0.00           0.00           0.00           0.00           0.00          0.016          0.015          0.007          0.009          0.019        159.241        147.032         60.092         12.003         0.0041         0.0033         36.869          0.689              3    19:47:41             HANYANG
      38           0.00           0.00           0.00           0.00           0.00           0.00           0.00          0.016          0.014          0.008          0.007          0.022        159.236        147.076         60.092         12.019         0.0050         0.0040         36.890          1.300              3    19:48:25             HANYANG
      39           0.00           0.00           0.00           0.00           0.00           0.00           0.00          0.015          0.015          0.007          0.008          0.021        159.241        147.024         60.092         12.017         0.0034         0.0040         36.876          0.677              3    19:49:42             HANYANG
      12           0.00           0.00           0.00           0.00           0.00           0.00           0.00          0.012          0.013          0.007          0.005          0.026        159.208        147.039         60.079         12.004         0.0047         0.0043         36.934          0.519              2    19:53:15             HANYANG
      13           0.00           0.00           0.00           0.00           0.00           0.00           0.00          0.012          0.013          0.007          0.006          0.026        159.207        147.038         60.077         12.004         0.0047         0.0044         36.934          0.573              4    19:54:20             HANYANG
      40           0.00           0.00           0.00           0.00           0.00           0.00           0.00          0.019          0.018          0.010          0.009          0.021        159.234        147.075         60.094         12.021         0.0035         0.0031         36.896          0.521              4    19:54:51             HANYANG
      41           0.00           0.00           0.00           0.00           0.00           0.00           0.00          0.021          0.020          0.009          0.007          0.023        159.234        147.062         60.093         12.017         0.0050         0.0044         36.891          0.874              2    19:55:52             HANYANG
      42           0.00           0.00           0.00           0.00           0.00           0.00           0.00          0.022          0.022          0.012          0.011          0.023        159.235        147.090         60.091         12.015         0.0049         0.0040         36.892          0.765              3    19:56:22             HANYANG
      14           0.00           0.00           0.00           0.00           0.00           0.00           0.00          0.011          0.012          0.007          0.007          0.026        159.213        147.105         60.075         12.016         0.0032         0.0037         36.928          0.500              4    19:56:54             HANYANG
