Model  J300 15 RR
Point_Num   21
    NAME        주파수1        주파수2        주파수3        주파수4        주파수5        주파수6        주파수7 제동면 R/OUT(O 제동면 R/OUT(O 제동면 R/OUT(I 제동면 R/OUT(I         윤곽도    모자부 외경    모자부 내경         P/Hole   제동면두께 O      원주DTV O        반경DTV           깊이        ORDER_L     ORDER_L_NO     Time           Operator    
    UNIT              2              2              2              2              2              2              2              3              3              3              3              3              3              3              3              3              4              4              3              3              0
   K.TOL              0              0              0              0              0              0              0              0              0              0              0              0              0              0              0              0              0              0              0              0              0
     USL        1034.63        2476.02        4130.82        5905.52        7747.41        9613.22       11492.85          0.020          0.020          0.020          0.020          0.030        159.450        147.450         60.090         12.150         0.0060         0.0060         37.150        100.000             10
     LSL         984.16        2355.24        3929.32        5617.44        7369.49        9144.28       10932.23          0.001          0.001          0.001          0.001          0.000        158.950        146.950         60.040         11.850         0.0000         0.0000         36.850          0.000              2
       1        1009.39        2415.63        4030.07        5761.48        7558.45        9378.75       11212.54          0.024          0.025          0.010          0.011          0.022        159.197        147.086         60.067         12.056         0.0034         0.0036         36.926          0.922              3    11:35:52             HANYANG
       2        1009.39        2415.63        4030.07        5761.48        7558.45        9378.75       11212.54          0.023          0.023          0.011          0.012          0.022        159.200        147.075         60.066         12.057         0.0041         0.0034         36.932          0.765              3    11:37:02             HANYANG
       3        1009.39        2415.63        4030.07        5761.48        7558.45        9378.75       11212.54          0.022          0.022          0.012          0.014          0.022        159.200        147.078         60.065         12.059         0.0061         0.0028         36.927          1.050              2    11:37:33             HANYANG
       1        1009.39        2415.63        4030.07        5761.48        7558.45        9378.75       11212.54          0.011          0.010          0.006          0.006          0.023        159.220        147.175         60.067         11.995         0.0047         0.0050         36.908          0.401              5    11:38:05             HANYANG
       2        1009.39        2415.63        4030.07        5761.48        7558.45        9378.75       11212.54          0.008          0.009          0.006          0.006          0.023        159.217        147.155         60.066         12.004         0.0034         0.0025         36.911          0.395              5    11:38:37             HANYANG
       3        1009.39        2415.63        4030.07        5761.48        7558.45        9378.75       11212.54          0.015          0.015          0.008          0.007          0.025        159.214        147.152         60.067         12.006         0.0037         0.0030         36.912          0.639              2    11:39:08             HANYANG
       4        1009.39        2415.63        4030.07        5761.48        7558.45        9378.75       11212.54          0.019          0.017          0.010          0.008          0.023        159.200        147.089         60.064         12.060         0.0056         0.0037         36.931          2.013              2    11:39:42             HANYANG
       5        1009.39        2415.63        4030.07        5761.48        7558.45        9378.75       11212.54          0.011          0.013          0.007          0.007          0.025        159.213        147.151         60.066         12.008         0.0047         0.0031         36.913          0.431              2    11:40:14             HANYANG
       6        1009.39        2415.63        4030.07        5761.48        7558.45        9378.75       11212.54          0.014          0.015          0.008          0.008          0.024        159.211        147.138         60.066         12.009         0.0056         0.0025         36.914          0.606              2    11:40:46             HANYANG
       7        1009.39        2415.63        4030.07        5761.48        7558.45        9378.75       11212.54          0.008          0.009          0.006          0.006          0.024        159.212        147.149         60.062         12.011         0.0046         0.0033         36.918          0.741              2    11:41:18             HANYANG
       8        1009.39        2415.63        4030.07        5761.48        7558.45        9378.75       11212.54          0.009          0.009          0.007          0.006          0.024        159.211        147.149         60.063         12.011         0.0046         0.0039         36.917          0.611              2    11:43:17             HANYANG
       9        1009.39        2415.63        4030.07        5761.48        7558.45        9378.75       11212.54          0.012          0.013          0.007          0.007          0.024        159.218        147.141         60.064         12.011         0.0037         0.0031         36.918          0.539              2    11:44:16             HANYANG
      10        1009.39        2415.63        4030.07        5761.48        7558.45        9378.75       11212.54          0.011          0.013          0.007          0.007          0.024        159.217        147.142         60.065         12.011         0.0037         0.0030         36.918          0.458              4    11:48:53             HANYANG
      11        1009.39        2415.63        4030.07        5761.48        7558.45        9378.75       11212.54          0.014          0.015          0.011          0.008          0.023        159.198        147.079         60.067         12.002         0.0024         0.0050         36.901          0.370              3    11:49:24             HANYANG
      12        1009.39        2415.63        4030.07        5761.48        7558.45        9378.75       11212.54          0.013          0.014          0.010          0.008          0.023        159.193        147.076         60.068         12.001         0.0024         0.0046         36.900          0.429              3    12:41:28             HANYANG
      13        1009.39        2415.63        4030.07        5761.48        7558.45        9378.75       11212.54          0.018          0.019          0.011          0.010          0.022        159.195        147.078         60.064         12.017         0.0034         0.0060         36.911          0.207              3    12:42:00             HANYANG
      14        1009.39        2415.63        4030.07        5761.48        7558.45        9378.75       11212.54          0.019          0.018          0.012          0.010          0.023        159.195        147.066         60.065         12.026         0.0038         0.0034         36.914          0.468              3    12:42:32             HANYANG
      15        1009.39        2415.63        4030.07        5761.48        7558.45        9378.75       11212.54          0.013          0.014          0.011          0.010          0.024        159.212        147.129         60.065         12.012         0.0047         0.0024         36.918          0.697              3    12:43:04             HANYANG
       4        1009.39        2415.63        4030.07        5761.48        7558.45        9378.75       11212.54          0.021          0.022          0.010          0.010          0.023        159.194        147.066         60.063         12.032         0.0053         0.0039         36.912          0.735              3    12:43:36             HANYANG
      20        1009.39        2415.63        4030.07        5761.48        7558.45        9378.75       11212.54           0.00           0.00           0.00          0.021          0.023          0.010          0.010          0.023        159.192        147.066         60.065         12.031         0.0050         0.0034         36.913          0.686              3    12:57:54             HANYANG
      20        1009.39        2415.63        4030.07        5761.48        7558.45        9378.75       11212.54           0.00           0.00           0.00          0.017          0.017          0.007          0.008          0.024        159.214        147.130         60.067         12.016         0.0046         0.0036         36.919          0.492              4    12:58:26             HANYANG
      22        1009.39        2415.63        4030.07        5761.48        7558.45        9378.75       11212.54          0.018          0.018          0.007          0.009          0.024        159.213        147.130         60.068         12.016         0.0043         0.0037         36.918          0.477              3    13:01:03             HANYANG
      23        1009.39        2415.63        4030.07        5761.48        7558.45        9378.75       11212.54          0.018          0.018          0.007          0.009          0.024        159.212        147.130         60.068         12.016         0.0041         0.0036         36.918          0.472              7    13:03:44             HANYANG
      24        1009.39        2415.63        4030.07        5761.48        7558.45        9378.75       11212.54          0.018          0.018          0.007          0.008          0.024        159.212        147.130         60.069         12.016         0.0041         0.0037         36.918          0.422              4    13:22:14             HANYANG
      25        1009.39        2415.63        4030.07        5761.48        7558.45        9378.75       11212.54          0.018          0.018          0.007          0.008          0.025        159.211        147.130         60.069         12.016         0.0043         0.0037         36.919          0.485              4    13:43:11             HANYANG
      26        1009.39        2415.63        4030.07        5761.48        7558.45        9378.75       11212.54          0.018          0.018          0.007          0.008          0.024        159.210        147.128         60.068         12.016         0.0043         0.0036         36.918          0.403              4    13:51:34             HANYANG
