Model  J300 15 RR
Point_Num   21
    NAME        주파수1        주파수2        주파수3        주파수4        주파수5        주파수6        주파수7 제동면 R/OUT(O 제동면 R/OUT(O 제동면 R/OUT(I 제동면 R/OUT(I         윤곽도    모자부 외경    모자부 내경         P/Hole   제동면두께 O      원주DTV O        반경DTV           깊이        ORDER_L     ORDER_L_NO     Time           Operator    
    UNIT              2              2              2              2              2              2              2              3              3              3              3              3              3              3              3              3              4              4              3              3              0
   K.TOL              0              0              0              0              0              0              0              0              0              0              0              0              0              0              0              0              0              0              0              0              0
     USL           0.00           0.00           0.00           0.00           0.00           0.00           0.00          0.020          0.020          0.020          0.020          0.030        159.450        147.450         60.090         12.150         0.0060         0.0060         37.150        100.000             10
     LSL           0.00           0.00           0.00           0.00           0.00           0.00           0.00          0.001          0.001          0.001          0.001          0.000        158.950        146.950         60.040         11.850         0.0000         0.0000         36.850          0.000              2
       1           0.00           0.00           0.00           0.00           0.00           0.00           0.00          0.017          0.017          0.011          0.011          0.023        159.236        147.078         60.091         12.022         0.0066         0.0040         36.896          1.200              3    20:12:53             HANYANG
       2           0.00           0.00           0.00           0.00           0.00           0.00           0.00          0.018          0.018          0.010          0.010          0.021        159.239        147.012         60.094         12.014         0.0031         0.0034         36.871          0.916              3    20:15:51             HANYANG
       3           0.00           0.00           0.00           0.00           0.00           0.00           0.00          0.016          0.014          0.007          0.009          0.019        159.242        147.033         60.092         12.003         0.0041         0.0036         36.870          0.645              3    20:16:41             HANYANG
       4           0.00           0.00           0.00           0.00           0.00           0.00           0.00          0.017          0.014          0.008          0.007          0.022        159.236        147.077         60.091         12.019         0.0044         0.0038         36.891          1.309              3    20:17:13             HANYANG
       5           0.00           0.00           0.00           0.00           0.00           0.00           0.00          0.014          0.015          0.007          0.008          0.021        159.240        147.023         60.091         12.017         0.0031         0.0039         36.876          0.702              3    20:18:15             HANYANG
       1           0.00           0.00           0.00           0.00           0.00           0.00           0.00          0.013          0.014          0.007          0.006          0.026        159.210        147.041         60.078         12.005         0.0052         0.0047         36.936          0.503              6    20:18:47             HANYANG
       6           0.00           0.00           0.00           0.00           0.00           0.00           0.00          0.019          0.019          0.010          0.009          0.021        159.236        147.077         60.094         12.021         0.0035         0.0029         36.897          0.588              4    20:19:19             HANYANG
       7           0.00           0.00           0.00           0.00           0.00           0.00           0.00          0.021          0.020          0.009          0.008          0.023        159.237        147.064         60.094         12.017         0.0050         0.0037         36.892          0.892              2    20:19:51             HANYANG
       8           0.00           0.00           0.00           0.00           0.00           0.00           0.00          0.021          0.022          0.011          0.010          0.022        159.239        147.094         60.092         12.016         0.0047         0.0038         36.894          0.832              3    20:20:23             HANYANG
       2           0.00           0.00           0.00           0.00           0.00           0.00           0.00          0.011          0.011          0.006          0.006          0.025        159.218        147.110         60.077         12.016         0.0026         0.0038         36.930          0.469              3    20:22:07             HANYANG
       9           0.00           0.00           0.00           0.00           0.00           0.00           0.00          0.018          0.017          0.011          0.011          0.023        159.236        147.076         60.091         12.022         0.0066         0.0032         36.897          1.076              3    20:24:05             HANYANG
      10           0.00           0.00           0.00           0.00           0.00           0.00           0.00          0.018          0.018          0.010          0.010          0.021        159.239        147.012         60.093         12.014         0.0034         0.0037         36.871          0.851              3    20:25:21             HANYANG
      11           0.00           0.00           0.00           0.00           0.00           0.00           0.00          0.016          0.015          0.007          0.009          0.019        159.242        147.032         60.092         12.003         0.0041         0.0034         36.870          0.707              3    20:26:13             HANYANG
      12           0.00           0.00           0.00           0.00           0.00           0.00           0.00          0.017          0.015          0.008          0.007          0.022        159.236        147.076         60.091         12.019         0.0049         0.0038         36.891          1.250              3    20:26:44             HANYANG
      13           0.00           0.00           0.00           0.00           0.00           0.00           0.00          0.015          0.015          0.007          0.009          0.021        159.241        147.023         60.091         12.017         0.0032         0.0042         36.877          0.672              3    20:28:09             HANYANG
       3           0.00           0.00           0.00           0.00           0.00           0.00           0.00          0.013          0.013          0.007          0.006          0.026        159.210        147.040         60.078         12.005         0.0058         0.0050         36.936          0.538              6    20:28:41             HANYANG
      14           0.00           0.00           0.00           0.00           0.00           0.00           0.00          0.020          0.018          0.010          0.009          0.021        159.236        147.076         60.094         12.021         0.0035         0.0031         36.896          0.457              4    20:29:13             HANYANG
      15           0.00           0.00           0.00           0.00           0.00           0.00           0.00          0.021          0.020          0.009          0.008          0.023        159.237        147.064         60.094         12.017         0.0053         0.0041         36.892          0.938              2    20:29:58             HANYANG
      16           0.00           0.00           0.00           0.00           0.00           0.00           0.00          0.021          0.022          0.011          0.011          0.022        159.238        147.094         60.093         12.016         0.0047         0.0041         36.894          0.812              3    20:31:39             HANYANG
       4           0.00           0.00           0.00           0.00           0.00           0.00           0.00          0.011          0.012          0.006          0.006          0.026        159.218        147.109         60.076         12.016         0.0029         0.0041         36.930          0.519              3    20:32:10             HANYANG
      17           0.00           0.00           0.00           0.00           0.00           0.00           0.00          0.017          0.016          0.011          0.011          0.024        159.235        147.075         60.090         12.022         0.0064         0.0035         36.896          1.191              3    20:34:05             HANYANG
      18           0.00           0.00           0.00           0.00           0.00           0.00           0.00          0.018          0.018          0.010          0.010          0.022        159.238        147.011         60.093         12.015         0.0032         0.0039         36.871          0.942              3    20:34:38             HANYANG
      19           0.00           0.00           0.00           0.00           0.00           0.00           0.00          0.016          0.014          0.007          0.009          0.019        159.241        147.031         60.092         12.003         0.0043         0.0034         36.870          0.645              3    20:35:10             HANYANG
      20           0.00           0.00           0.00           0.00           0.00           0.00           0.00          0.017          0.015          0.008          0.007          0.022        159.235        147.076         60.091         12.019         0.0049         0.0038         36.891          1.303              3    20:35:42             HANYANG
       5           0.00           0.00           0.00           0.00           0.00           0.00           0.00          0.015          0.015          0.007          0.008          0.021        159.240        147.023         60.090         12.017         0.0031         0.0043         36.876          0.633              3    20:36:14             HANYANG
       6           0.00           0.00           0.00           0.00           0.00           0.00           0.00          0.013          0.013          0.007          0.006          0.026        159.210        147.040         60.078         12.005         0.0046         0.0041         36.935          0.511              2    20:37:49             HANYANG
      21           0.00           0.00           0.00           0.00           0.00           0.00           0.00          0.019          0.018          0.010          0.009          0.021        159.236        147.076         60.095         12.021         0.0038         0.0034         36.896          0.554              4    20:38:20             HANYANG
      22           0.00           0.00           0.00           0.00           0.00           0.00           0.00          0.021          0.020          0.009          0.008          0.023        159.237        147.065         60.094         12.017         0.0052         0.0044         36.892          0.831              2    20:39:44             HANYANG
      23           0.00           0.00           0.00           0.00           0.00           0.00           0.00          0.022          0.021          0.012          0.011          0.022        159.237        147.093         60.092         12.015         0.0047         0.0040         36.893          0.792              3    20:41:18             HANYANG
       7           0.00           0.00           0.00           0.00           0.00           0.00           0.00          0.011          0.012          0.006          0.007          0.026        159.217        147.108         60.076         12.016         0.0032         0.0038         36.929          0.496              2    20:41:48             HANYANG
      24           0.00           0.00           0.00           0.00           0.00           0.00           0.00          0.018          0.016          0.011          0.011          0.024        159.234        147.074         60.090         12.022         0.0063         0.0034         36.896          1.148              3    20:42:59             HANYANG
      25           0.00           0.00           0.00           0.00           0.00           0.00           0.00          0.018          0.018          0.010          0.010          0.022        159.238        147.011         60.092         12.014         0.0032         0.0037         36.871          0.895              3    20:43:34             HANYANG
      26           0.00           0.00           0.00           0.00           0.00           0.00           0.00          0.016          0.014          0.007          0.009          0.019        159.241        147.031         60.092         12.003         0.0041         0.0031         36.870          0.658              3    20:44:36             HANYANG
      27           0.00           0.00           0.00           0.00           0.00           0.00           0.00          0.017          0.015          0.008          0.007          0.022        159.235        147.075         60.092         12.019         0.0047         0.0037         36.891          1.319              3    20:45:42             HANYANG
      28           0.00           0.00           0.00           0.00           0.00           0.00           0.00          0.015          0.015          0.007          0.008          0.021        159.240        147.023         60.091         12.017         0.0034         0.0045         36.876          0.672              3    20:46:13             HANYANG
       8           0.00           0.00           0.00           0.00           0.00           0.00           0.00          0.013          0.014          0.008          0.006          0.026        159.209        147.040         60.078         12.004         0.0049         0.0041         36.935          0.535              2    20:47:32             HANYANG
      29           0.00           0.00           0.00           0.00           0.00           0.00           0.00          0.019          0.018          0.010          0.009          0.021        159.235        147.076         60.095         12.021         0.0038         0.0029         36.896          0.419              4    20:48:08             HANYANG
      30           0.00           0.00           0.00           0.00           0.00           0.00           0.00          0.020          0.020          0.009          0.008          0.023        159.236        147.063         60.094         12.017         0.0050         0.0040         36.892          0.899              2    20:48:59             HANYANG
      31           0.00           0.00           0.00           0.00           0.00           0.00           0.00          0.021          0.022          0.011          0.010          0.023        159.238        147.093         60.092         12.016         0.0047         0.0035         36.894          0.812              3    20:49:31             HANYANG
       9           0.00           0.00           0.00           0.00           0.00           0.00           0.00          0.011          0.012          0.006          0.006          0.026        159.217        147.109         60.077         12.016         0.0031         0.0037         36.929          0.495              3    20:51:10             HANYANG
      32           0.00           0.00           0.00           0.00           0.00           0.00           0.00          0.018          0.017          0.011          0.011          0.024        159.235        147.075         60.090         12.023         0.0066         0.0035         36.896          1.172              3    20:51:41             HANYANG
      33           0.00           0.00           0.00           0.00           0.00           0.00           0.00          0.018          0.018          0.010          0.010          0.021        159.238        147.010         60.093         12.015         0.0032         0.0036         36.871          0.884              3    20:52:26             HANYANG
      34           0.00           0.00           0.00           0.00           0.00           0.00           0.00          0.016          0.014          0.007          0.009          0.019        159.242        147.032         60.093         12.003         0.0038         0.0033         36.869          0.699              3    20:53:49             HANYANG
      35           0.00           0.00           0.00           0.00           0.00           0.00           0.00          0.016          0.014          0.008          0.007          0.022        159.235        147.076         60.092         12.019         0.0049         0.0038         36.890          1.293              3    20:54:38             HANYANG
      36           0.00           0.00           0.00           0.00           0.00           0.00           0.00          0.015          0.014          0.007          0.008          0.021        159.240        147.023         60.091         12.017         0.0032         0.0043         36.876          0.630              3    20:55:09             HANYANG
